   1.4911923e+00
   1.2927987e+00
   1.4099496e+00
   1.4099496e+00
   1.4099496e+00
   1.1848015e+00
   1.1848015e+00
   1.1668803e+00
   1.1668803e+00
   1.1668803e+00
   1.1668803e+00
   1.1668803e+00
   1.0711886e+00
   1.0711886e+00
   1.0711886e+00
   1.0711886e+00
   1.0711886e+00
   1.0711886e+00
   1.0711886e+00
   1.0711886e+00
   1.0711886e+00
   1.0711886e+00
   1.0711886e+00
   1.0711886e+00
   1.0711886e+00
   1.0711886e+00
   1.0711886e+00
   1.0340170e+00
   1.0340170e+00
   1.0340170e+00
   1.0340170e+00
   1.0340170e+00
   1.0326631e+00
   1.0326631e+00
   1.0326631e+00
   1.0276488e+00
   1.0276488e+00
   1.0185361e+00
   1.0179102e+00
   1.0176691e+00
   1.0176321e+00
   1.0176313e+00
   1.0176313e+00
   1.0176313e+00
   1.0176301e+00
   1.0176301e+00
   1.0175241e+00
   1.0174836e+00
   1.0174836e+00
   1.0174294e+00
   1.0174294e+00
   1.0174134e+00
   1.0174134e+00
   1.0174134e+00
   1.0174134e+00
   1.0174134e+00
   1.0174134e+00
   1.0174134e+00
   1.0174134e+00
   1.0174134e+00
   1.0174134e+00
   1.0174083e+00
   1.0174083e+00
   1.0174040e+00
   1.0171378e+00
   1.0171378e+00
   1.0170860e+00
   1.0159392e+00
   1.0159392e+00
   1.0159392e+00
   1.0158965e+00
   1.0157096e+00
   1.0157096e+00
   1.0155649e+00
   1.0155412e+00
   1.0153288e+00
   1.0153288e+00
   1.0153288e+00
   1.0152724e+00
   1.0152724e+00
   1.0150039e+00
   1.0150039e+00
   1.0150039e+00
   1.0150039e+00
   1.0150039e+00
   1.0149799e+00
   1.0149799e+00
   1.0149799e+00
   1.0149799e+00
   1.0148942e+00
   1.0148942e+00
   1.0148942e+00
   1.0148518e+00
   1.0148518e+00
   1.0148518e+00
   1.0148518e+00
   1.0148518e+00
   1.0148436e+00
   1.0148116e+00
   1.0147140e+00
   1.0145220e+00
