   1.3332994e+00
   1.3295962e+00
   1.4923805e+00
   1.4923805e+00
   1.4923805e+00
   1.4286787e+00
   1.4286787e+00
   1.4007121e+00
   1.4007121e+00
   1.4007121e+00
   1.4007121e+00
   1.4007121e+00
   1.4007121e+00
   1.4007121e+00
   1.3700424e+00
   1.3700424e+00
   1.3700424e+00
   1.3700424e+00
   1.3700424e+00
   1.3700424e+00
   1.3207886e+00
   1.3207049e+00
   1.3207049e+00
   1.3207049e+00
   1.3206226e+00
   1.3205416e+00
   1.3204619e+00
   1.3204619e+00
   1.3203837e+00
   1.3203067e+00
   1.3201146e+00
   1.3201146e+00
   1.3138345e+00
   1.3104641e+00
   1.3104641e+00
   1.3099264e+00
   1.3099264e+00
   1.3098477e+00
   1.3096556e+00
   1.3096556e+00
   1.3091911e+00
   1.3091911e+00
   1.3091911e+00
   1.3091911e+00
   1.3080023e+00
   1.3079692e+00
   1.3078681e+00
   1.3046059e+00
   1.3046059e+00
   1.3040294e+00
   1.3040294e+00
   1.3040294e+00
   1.3040294e+00
   1.3040294e+00
   1.3040294e+00
   1.3040294e+00
   1.3005843e+00
   1.3005843e+00
   1.3005843e+00
   1.3004062e+00
   1.3004062e+00
   1.3001802e+00
   1.3001802e+00
   1.3001802e+00
   1.3001802e+00
   1.3001802e+00
   1.3000765e+00
   1.2996272e+00
   1.2996272e+00
   1.2996272e+00
   1.2996272e+00
   1.2996272e+00
   1.2996272e+00
   1.2996048e+00
   1.2996048e+00
   1.2994224e+00
   1.2994224e+00
   1.2993759e+00
   1.2993739e+00
   1.2993739e+00
   1.2993739e+00
   1.2993647e+00
   1.2992824e+00
   1.2992824e+00
   1.2992161e+00
   1.2992161e+00
   1.2992161e+00
   1.2992052e+00
   1.2992052e+00
   1.2992052e+00
   1.2991590e+00
   1.2991590e+00
   1.2991590e+00
   1.2991590e+00
   1.2991590e+00
   1.2991590e+00
   1.2991590e+00
   1.2991590e+00
   1.2991568e+00
   1.2991270e+00
   1.2991270e+00
