   8.2662496e+08
   1.0848934e+05
   1.0848934e+05
   1.0848934e+05
   1.0848934e+05
   1.0848934e+05
   1.0848934e+05
   1.8859101e+03
   1.4092488e+00
   1.4092488e+00
   1.4092488e+00
   1.4092488e+00
   1.4092488e+00
   1.3820213e+00
   1.3820213e+00
   1.3374907e+00
   1.3374907e+00
   1.3374907e+00
   1.3374907e+00
   1.3217931e+00
   1.2957117e+00
   1.2957117e+00
   1.2897088e+00
   1.2897088e+00
   1.2897088e+00
   1.2897088e+00
   1.2897088e+00
   1.2897088e+00
   1.2897088e+00
   1.2897088e+00
   1.2852356e+00
   1.2852356e+00
   1.2852356e+00
   1.2852356e+00
   1.2852356e+00
   1.2852356e+00
   1.2852356e+00
   1.2816125e+00
   1.2816125e+00
   1.2816125e+00
   1.2816125e+00
   1.2766000e+00
   1.2766000e+00
   1.2757791e+00
   1.2757791e+00
   1.2757783e+00
   1.2755195e+00
   1.2752592e+00
   1.2748643e+00
   1.2748643e+00
   1.2747435e+00
   1.2747435e+00
   1.2747281e+00
   1.2745967e+00
   1.2745967e+00
   1.2745967e+00
   1.2745434e+00
   1.2745211e+00
   1.2742513e+00
   1.2742513e+00
   1.2742513e+00
   1.2742513e+00
   1.2742513e+00
   1.2742513e+00
   1.2742513e+00
   1.2742513e+00
   1.2742513e+00
   1.2742513e+00
   1.2742513e+00
   1.2742513e+00
   1.2742513e+00
   1.2742409e+00
   1.2742409e+00
   1.2742409e+00
   1.2742255e+00
   1.2742255e+00
   1.2741056e+00
   1.2741056e+00
   1.2740703e+00
   1.2740703e+00
   1.2707873e+00
   1.2703848e+00
   1.2703848e+00
   1.2703848e+00
   1.2703387e+00
   1.2703387e+00
   1.2703387e+00
   1.2703288e+00
   1.2702993e+00
   1.2702993e+00
   1.2702509e+00
   1.2702509e+00
   1.2702509e+00
   1.2702509e+00
   1.2702509e+00
   1.2702509e+00
   1.2702509e+00
   1.2702509e+00
   1.2702509e+00
   1.2702509e+00
   1.2702509e+00
