   1.5972047e+08
   6.4380580e+05
   1.3501417e+00
   1.3501417e+00
   1.3501417e+00
   1.2999747e+00
   1.2999747e+00
   1.2924073e+00
   1.2916647e+00
   1.2527069e+00
   1.2527069e+00
   1.2527069e+00
   1.2527069e+00
   1.2527069e+00
   1.2527069e+00
   1.2178707e+00
   1.2178707e+00
   1.2173198e+00
   1.2172632e+00
   1.2172632e+00
   1.2172632e+00
   1.2142675e+00
   1.2124583e+00
   1.2124583e+00
   1.2124583e+00
   1.2120463e+00
   1.2120463e+00
   1.2120463e+00
   1.2120463e+00
   1.2120463e+00
   1.2110858e+00
   1.2110858e+00
   1.2110858e+00
   1.2110858e+00
   1.2110858e+00
   1.2109310e+00
   1.2109310e+00
   1.2109310e+00
   1.2109310e+00
   1.2086173e+00
   1.2086173e+00
   1.2086173e+00
   1.2086173e+00
   1.2086173e+00
   1.2086173e+00
   1.2086173e+00
   1.2086173e+00
   1.2086173e+00
   1.2086173e+00
   1.2086173e+00
   1.2086173e+00
   1.2065631e+00
   1.2065631e+00
   1.2062193e+00
   1.2062193e+00
   1.2062193e+00
   1.2060659e+00
   1.2059860e+00
   1.2059736e+00
   1.2059118e+00
   1.2055740e+00
   1.2055740e+00
   1.2055740e+00
   1.2055740e+00
   1.2055740e+00
   1.2055740e+00
   1.2055740e+00
   1.2055740e+00
   1.2055740e+00
   1.2055740e+00
   1.2055740e+00
   1.2055740e+00
   1.2055740e+00
   1.2055740e+00
   1.2055740e+00
   1.2055740e+00
   1.2055740e+00
   1.2055740e+00
   1.2055740e+00
   1.2055740e+00
   1.2055740e+00
   1.2055740e+00
   1.2055740e+00
   1.2055740e+00
   1.2055740e+00
   1.2055740e+00
   1.2055740e+00
   1.2055740e+00
   1.2055740e+00
   1.2055392e+00
   1.2055377e+00
   1.2055344e+00
   1.2055344e+00
   1.2055344e+00
   1.2055005e+00
   1.2055005e+00
   1.2055005e+00
   1.2055005e+00
   1.2055005e+00
   1.2055005e+00
   1.2055005e+00
